-2.64861e-18 2.72948e-19
0.00689107 0.0313252
-0.0511472 0.0373497
-0.0833574 0.0509466
-0.1071 0.05924
-0.125476 0.067649
0.068294 0.0480842
0.0296555 0.0157028
-0.0199031 0.0180754
-0.0684816 0.0299457
-0.0851628 0.0479861
-0.106198 0.0515506
-0.123321 0.0645974
0.112267 0.0888588
0.0729725 0.0219565
0.042361 -0.0226174
0.00352018 -0.00666017
0.00240696 -0.0390319
-0.0373127 -0.00387223
-0.0743301 0.0154432
-0.0954629 0.0343582
-0.120529 0.0479192
-0.128051 0.0617325
-0.135979 0.0681102
-0.1399 0.0624231
-0.134856 0.0531103
-0.124801 0.0390989
-0.0970906 0.0191236
-0.0649815 -0.0058314
-0.0340474 -0.0378651
0.0033622 -0.078508
0.0362566 -0.0744587
-0.147929 0.0686277
-0.150565 0.066541
-0.141257 0.0526131
-0.134908 0.0370183
-0.128406 0.0337113
-0.110705 0.0179189
-0.115983 0.0142018
-0.0748498 -0.0206339
-0.0285463 -0.069417
-0.0481693 -0.0596596
0.00830526 -0.112009
0.0353801 -0.117777
0.147488 0.132381
0.11203 0.0716298
0.0986632 0.0242792
0.0774889 -0.0110414
0.0681318 -0.0581198
0.0612691 -0.111262
0.0385308 -0.147601
0.0600478 -0.152106
0.145254 0.113346
0.180456 0.191794
0.170898 0.166044
0.190941 0.209764
0.182908 0.186326
0.123133 0.0514891
0.0966406 -0.0181704
0.0860648 -0.0959997
0.0739105 -0.140096
0.0811829 -0.173621
0.0822914 -0.21044
-0.155806 0.0698345
-0.151083 0.0640122
-0.142951 0.0478227
-0.130841 0.0282751
-0.116966 0.00850682
-0.111301 -0.000562119
-0.0985137 -0.00957163
-0.0624364 -0.0472024
-0.0222145 -0.0897163
0.0222739 -0.139822
0.0623528 -0.182618
0.0818394 -0.224514
0.0874334 -0.238919
0.0874517 -0.222192
0.0913622 -0.226484
0.0894446 -0.201263
0.0949471 -0.127683
0.113998 -0.0148895
0.156443 0.1193
0.182428 0.182334
0.193324 0.211617
0.198438 0.226599
0.195155 0.221432